pv = 0.33841253619525935
pw = 2.1652414451403943
emsa = -0.7598044675682532
emsn = -0.3679831551196337
emma = -11.327688804600964
emmn = -10.564184040422525
essa = -0.15583344019090223
essn = -0.035569845917394344
vm = 4324.93096059288
vs = 1.4388563203435307
