pv = -0.622314464281715
pw = 0.849720133784834
emsa = 0.5920796361740306
emsn = 3.1825177472104396
emma = -2.313337317722956
emmn = -0.8104165460296521
essa = -0.3337346192299529
essn = -0.28394478547607316
vm = 151.5796773172735
vs = 2.343802266052835
