pv = -4.0468325142270585
pw = 6.239603914665958
emsa = -0.6172846779415397
emsn = 2.188603106091467
emma = -3.4870472858431674
emmn = -3.3966743046209107
essa = 0.7038856294422605
essn = 0.7477316567136209
vm = 999.2869372526503
vs = 2.1039021374476423
