pv = 14.999630853625742
pw = -1.1264379783295684
emsa = -0.9746088690286268
emsn = -1.0447644930441926
emma = -15.075266750136718
emmn = -15.082188901624193
essa = 0.021032399018603518
essn = -0.0052493408510224104
vm = 4324.041398622575
vs = 1.09426418335781
