pv = 15.036329081199689
pw = -1.072281286357691
emsa = -0.9860208787799837
emsn = -0.9695445831161698
emma = -16.97278318228884
emmn = -16.987902796615632
essa = -0.028137826620453384
essn = -0.008163333607502685
vm = 150.99393353508992
vs = 0.9489624043604771
