pv = 15.00536721149943
pw = -1.2316727509229366
emsa = -1.101599101406652
emsn = -0.8434724779460339
emma = -15.009947985883594
emmn = -15.007567704660868
essa = -0.015245181045108944
essn = -0.005497068178642759
vm = 999.8358214496782
vs = 1.0828841912986766
