pv = 0.3647595846028823
pw = 2.150226836269398
emsa = -0.8014748109667532
emsn = -0.3655363207689428
emma = -11.343351093089415
emmn = -10.525024462999362
essa = -0.17976920517178835
essn = -0.02595587206411893
vm = 4324.951318302564
vs = 1.449551434308829
