pv = -4.165979639129519
pw = 6.449335776985214
emsa = -0.5846656513065603
emsn = 2.7997545354554165
emma = -3.594337155791326
emmn = -3.5324651338882016
essa = 0.9076887705906842
essn = 0.3738199400603712
vm = 999.2866710811297
vs = 1.6798929099151239
