pv = -0.645616556224424
pw = 0.11089966016876143
emsa = 1.0601994333643527
emsn = 3.530787091728197
emma = -2.337332898552199
emmn = -1.1842629794279786
essa = -1.0374586935899401
essn = -0.8275531534708176
vm = 151.21966619029604
vs = 1.803790048549255
