pv = 24.44272365554906
pw = -1.0978629685646575
emsa = -147.4008913881567
emsn = -58.25257149178099
emma = -181.68683947217025
emmn = -181.65621719805935
essa = 0.17743975102480855
essn = 0.09487784590934487
vm = 493.6977898007291
vs = 1.4181718122431952
