pv = 9.45872
pw = -0.541305
emsa = -720.2109
emsn = -141.8734
emma = -1167.248
emmn = -130.9318
essa = -118.3079
essn = -13.84311
vm = 156.124
vs = 6.1376
