pv = 24.88192537057933
pw = -0.613668
emsa = -533.739
emsn = -101.7967
emma = -922.889237
emmn = -229.9923
essa = -0.115343225
essn = 0.092407127
vm = 500.016557
vs = 1.027258
