pv = 0.553183904081356
pw = 0.8008800653016637
emsa = -135.02447828320356
emsn = -53.78856777344985
emma = -186.50090492296533
emmn = -186.3720236326233
essa = -0.1681615580550515
essn = 0.03541358525963109
vm = 166.92357500930584
vs = 7.93830814612978
