pv = 22.5679487360305
pw = -0.624574
emsa = -738.068921
emsn = -131.595669
emma = -1182.46617
emmn = -169.990196
essa = -145.007093
essn = -49.9775718
vm = 199.981543
vs = 0.987025457
