pv = 25
pw = -0.605625
emsa = -799.9735
emsn = -131.521966
emma = -1289.99258
emmn = -169.924631
essa = -144.983301
essn = -50.0038813
vm = 170.027238
vs = 1.10606396
