pv = 25
pw = -0.622494
emsa = -725.204044
emsn = -131.552467
emma = -1159.99088
emmn = -169.941249
essa = -145.016402
essn = -49.9835477
vm = 500.005536
vs = 0.987975
