pv = 22.48836944819683
pw = -0.5865483800784677
emsa = -738.2073514967063
emsn = -131.4413837997982
emma = -1182.0884865527164
emmn = -170.4322016785555
essa = -145.08748110905861
essn = -49.93905267316953
vm = 200.29331696990948
vs = 1.1306714985058504
