pv = 25.1182166976804
pw = -1.0919761336601468
emsa = -240.93426605292672
emsn = -64.87545071193287
emma = -259.09222965896413
emmn = -258.3914457468639
essa = -0.5601148515803531
essn = 0.22239615199314947
vm = 351.0485786183619
vs = 2.0696283731412652
