pv = 25.009778375962778
pw = -1.0775989683646179
emsa = -241.7910804669344
emsn = -65.15848256296835
emma = -260.1810603768855
emmn = -260.1962809816617
essa = -0.027618796431440253
essn = 0.0017495641695304456
vm = 600.9925276337596
vs = 2.187319869185398
