pv = 26.001451701152007
pw = -1.0535350734715498
emsa = -241.50362179629786
emsn = -64.34734936977335
emma = -259.7781832479925
emmn = -258.70381226821496
essa = -0.07781105351240289
essn = -0.011158391016192063
vm = 300.07662009419033
vs = 2.536680280736769
