pv = 53.85911591364282
pw = 1.5992132579703435
emsa = -601.4427695234662
emsn = -117.68392869677477
emma = -1049.958841338136
emmn = -177.7945250986988
essa = -141.51034915418188
essn = 14.831441568361264
vm = 494.12119797610984
vs = 4.890680557568961
