pv = 25.414186618469007
pw = -0.4680875678834154
emsa = -798.0121392484978
emsn = -131.4310490416051
emma = -1288.9285117340526
emmn = -168.2992420384373
essa = -144.6466497767701
essn = -50.977815719994375
vm = 171.0831203280417
vs = 1.5931860588754612
