pv = 25
pw = -0.593082
vm = 250.0133
vs = 0.984431
emsa = -2439.44825
emsn = -239.9669
emma = -4233.04005
emmn = -600.006589
essa = -767.972788
essn = -480.047341
