pv = 25.257499257974956
pw = -0.603996
emsa = -2439.5288
emsn = -240.026102
emma = -4229.98574
emmn = -599.975512
essa = -768.011187
essn = -480.033377
vm = 75.0115804
vs = 0.998016369
