pv = 25
pw = -0.605625
emsa = -2422.48224
emsn = -239.973644
emma = -4199.99049
emmn = -600.01121
essa = -768.024496
essn = -480.005756
vm = 599.932109
vs = 1.000539
