pv = 25.166344309305014
pw = -0.6003295875758957
emsa = -2439.6822188988012
emsn = -240.07179092910093
emma = -4230.0803565843435
emmn = -599.986537970007
essa = -767.9195302735807
essn = -479.71513081185543
vm = 74.73852888317413
vs = 0.9352685250426248
