pv = 25.333324520833195
pw = 0.4745231270625061
emsa = -2496.421187064405
emsn = -100.11388372056119
emma = -5006.713639840082
emmn = -5006.746703149842
essa = -0.03384959608547784
essn = 0.0756970935063483
vm = 599.6151568291781
vs = 0.8669157803396716
