pv = 24.7979715858583
pw = -0.6046686050163467
emsa = -2440.081477427788
emsn = -239.7221030865719
emma = -4232.79085822822
emmn = -600.2217810142683
essa = -768.3319705630698
essn = -480.04834421732244
vm = 250.53007113897928
vs = 1.0337129884158773
