pv = 24.656442110959894
pw = 0.5230295806095697
emsa = -2496.627681915034
emsn = -99.98116737239333
emma = -5006.928140402671
emmn = -5006.581676544715
essa = -0.4336538601457224
essn = 0.3210651138536541
vm = 250.96920092456267
vs = 0.9038873043927244
