pv = 25.129180752440693
pw = -0.616697327480643
emsa = -2422.587943650093
emsn = -239.7153567594624
emma = -4199.931311082917
emmn = -600.4604434959971
essa = -768.1172800700884
essn = -479.6200462829254
vm = 599.7727436909739
vs = 1.0277518734912312
