pv = 24.83044190231296
pw = 0.4917796953817172
emsa = -2496.023063866943
emsn = -100.16597512060508
emma = -5006.564964779606
emmn = -5006.964870992942
essa = 0.13114887856828938
essn = 0.21445238320101562
vm = 76.6090138426203
vs = 0.8997757987472683
