% # columns="iteration, evaluation, min max(neg(.)) min(pos(.)) max correlation, correlation matrix principal axes lengths  (sorted square roots of eigenvalues of correlation matrix)", seed=73453, Thu Dec 12 14:23:59 2024
1 10 -0.14911485887190495 -0.1055038138582857 0.04316655785116438 0.23500718656748437 0.8697257478721734 0.9434729808023681 1.0102262565300444 1.1545036892974305
2 20 -0.14911485887190495 -0.1055038138582857 0.04316655785116438 0.23500718656748437 0.8697257478721734 0.9434729808023681 1.0102262565300444 1.1545036892974305
3 30 -0.14911485887190495 -0.1055038138582857 0.04316655785116438 0.23500718656748437 0.8697257478721734 0.9434729808023681 1.0102262565300444 1.1545036892974305
4 40 -0.14911485887190495 -0.1055038138582857 0.04316655785116438 0.23500718656748437 0.8697257478721734 0.9434729808023681 1.0102262565300444 1.1545036892974305
5 50 -0.352025422359003 -0.3290698922997182 -0.02906160191741816 0.38248540981732415 0.7089825247442718 0.8006579412041495 1.060898537043186 1.3155929974325644
6 60 -0.352025422359003 -0.3290698922997182 -0.02906160191741816 0.38248540981732415 0.7089825247442718 0.8006579412041495 1.060898537043186 1.3155929974325644
7 70 -0.352025422359003 -0.3290698922997182 -0.02906160191741816 0.38248540981732415 0.7089825247442718 0.8006579412041495 1.060898537043186 1.3155929974325644
8 80 -0.352025422359003 -0.3290698922997182 -0.02906160191741816 0.38248540981732415 0.7089825247442718 0.8006579412041495 1.060898537043186 1.3155929974325644
9 90 -0.6139511524162764 -0.4829897784104938 0.0596826923304679 0.7109537753722643 0.44590456106908677 0.6671693749201756 1.0189570070449323 1.5224259474209054
10 100 -0.6139511524162764 -0.4829897784104938 0.0596826923304679 0.7109537753722643 0.44590456106908677 0.6671693749201756 1.0189570070449323 1.5224259474209054
11 110 -0.6139511524162764 -0.4829897784104938 0.0596826923304679 0.7109537753722643 0.44590456106908677 0.6671693749201756 1.0189570070449323 1.5224259474209054
12 120 -0.6139511524162764 -0.4829897784104938 0.0596826923304679 0.7109537753722643 0.44590456106908677 0.6671693749201756 1.0189570070449323 1.5224259474209054
13 130 -0.8323521941711565 -0.770285297502439 0.2791333941216165 0.8284341891458411 0.3145492802227706 0.4668689282993103 0.9615630680461115 1.6608698384490395
14 140 -0.8323521941711565 -0.770285297502439 0.2791333941216165 0.8284341891458411 0.3145492802227706 0.4668689282993103 0.9615630680461115 1.6608698384490395
15 150 -0.8323521941711565 -0.770285297502439 0.2791333941216165 0.8284341891458411 0.3145492802227706 0.4668689282993103 0.9615630680461115 1.6608698384490395
16 160 -0.8323521941711565 -0.770285297502439 0.2791333941216165 0.8284341891458411 0.3145492802227706 0.4668689282993103 0.9615630680461115 1.6608698384490395
17 170 -0.8098347511091275 -0.793500925831488 0.26402553674425394 0.8236338168528324 0.3595076888013298 0.44409346570748137 0.9951719110682035 1.6380378758836758
18 180 -0.8098347511091275 -0.793500925831488 0.26402553674425394 0.8236338168528324 0.3595076888013298 0.44409346570748137 0.9951719110682035 1.6380378758836758
19 190 -0.8098347511091275 -0.793500925831488 0.26402553674425394 0.8236338168528324 0.3595076888013298 0.44409346570748137 0.9951719110682035 1.6380378758836758
20 200 -0.8098347511091275 -0.793500925831488 0.26402553674425394 0.8236338168528324 0.3595076888013298 0.44409346570748137 0.9951719110682035 1.6380378758836758
21 210 -0.786716531035937 -0.7834764904794957 0.0757600651748642 0.8149647104199518 0.4113480258419429 0.47276780479774405 1.0070043293498612 1.6103495536849428
22 220 -0.786716531035937 -0.7834764904794957 0.0757600651748642 0.8149647104199518 0.4113480258419429 0.47276780479774405 1.0070043293498612 1.6103495536849428
23 230 -0.786716531035937 -0.7834764904794957 0.0757600651748642 0.8149647104199518 0.4113480258419429 0.47276780479774405 1.0070043293498612 1.6103495536849428
24 240 -0.786716531035937 -0.7834764904794957 0.0757600651748642 0.8149647104199518 0.4113480258419429 0.47276780479774405 1.0070043293498612 1.6103495536849428
25 250 -0.688379750423002 -0.6736788750147732 -0.04085809272453092 0.8088493457238453 0.4365480276538587 0.5866403370689566 1.0059161001650474 1.5663370435202917
26 260 -0.688379750423002 -0.6736788750147732 -0.04085809272453092 0.8088493457238453 0.4365480276538587 0.5866403370689566 1.0059161001650474 1.5663370435202917
27 270 -0.688379750423002 -0.6736788750147732 -0.04085809272453092 0.8088493457238453 0.4365480276538587 0.5866403370689566 1.0059161001650474 1.5663370435202917
28 280 -0.688379750423002 -0.6736788750147732 -0.04085809272453092 0.8088493457238453 0.4365480276538587 0.5866403370689566 1.0059161001650474 1.5663370435202917
29 290 -0.6360392556434592 -0.6135602799706562 0.28313058365745136 0.8434012174388443 0.37914781264918507 0.6609923508464156 0.9413974071746835 1.5915737400606513
30 300 -0.6360392556434592 -0.6135602799706562 0.28313058365745136 0.8434012174388443 0.37914781264918507 0.6609923508464156 0.9413974071746835 1.5915737400606513
31 310 -0.6360392556434592 -0.6135602799706562 0.28313058365745136 0.8434012174388443 0.37914781264918507 0.6609923508464156 0.9413974071746835 1.5915737400606513
32 320 -0.6360392556434592 -0.6135602799706562 0.28313058365745136 0.8434012174388443 0.37914781264918507 0.6609923508464156 0.9413974071746835 1.5915737400606513
33 330 -0.7830046186742254 -0.6867938899559567 0.0965791346534341 0.857493243379021 0.34704741665549077 0.5560410390795025 0.9743211232548645 1.618973379099087
34 340 -0.7830046186742254 -0.6867938899559567 0.0965791346534341 0.857493243379021 0.34704741665549077 0.5560410390795025 0.9743211232548645 1.618973379099087
35 350 -0.7830046186742254 -0.6867938899559567 0.0965791346534341 0.857493243379021 0.34704741665549077 0.5560410390795025 0.9743211232548645 1.618973379099087
36 360 -0.7830046186742254 -0.6867938899559567 0.0965791346534341 0.857493243379021 0.34704741665549077 0.5560410390795025 0.9743211232548645 1.618973379099087
37 370 -0.8170798703286155 -0.6638307474231921 0.1739220789159891 0.8457234307856408 0.32701026986031684 0.5522416977008315 0.936551461234 1.6465007595463925
38 380 -0.8170798703286155 -0.6638307474231921 0.1739220789159891 0.8457234307856408 0.32701026986031684 0.5522416977008315 0.936551461234 1.6465007595463925
39 390 -0.8170798703286155 -0.6638307474231921 0.1739220789159891 0.8457234307856408 0.32701026986031684 0.5522416977008315 0.936551461234 1.6465007595463925
40 400 -0.8170798703286155 -0.6638307474231921 0.1739220789159891 0.8457234307856408 0.32701026986031684 0.5522416977008315 0.936551461234 1.6465007595463925
41 410 -0.7935184796265691 -0.3877907158549022 0.051015151051684623 0.7833364952779267 0.2318139739166399 0.7024179678284503 1.0083804707767656 1.5607818893505763
42 420 -0.7935184796265691 -0.3877907158549022 0.051015151051684623 0.7833364952779267 0.2318139739166399 0.7024179678284503 1.0083804707767656 1.5607818893505763
43 430 -0.7935184796265691 -0.3877907158549022 0.051015151051684623 0.7833364952779267 0.2318139739166399 0.7024179678284503 1.0083804707767656 1.5607818893505763
44 440 -0.7935184796265691 -0.3877907158549022 0.051015151051684623 0.7833364952779267 0.2318139739166399 0.7024179678284503 1.0083804707767656 1.5607818893505763
45 450 -0.8833762518436813 -0.4918382543919875 0.12677431854389234 0.7717479681156243 0.186237326709024 0.6971327564963067 0.9917724533754809 1.5797813072339213
46 460 -0.8833762518436813 -0.4918382543919875 0.12677431854389234 0.7717479681156243 0.186237326709024 0.6971327564963067 0.9917724533754809 1.5797813072339213
47 470 -0.8833762518436813 -0.4918382543919875 0.12677431854389234 0.7717479681156243 0.186237326709024 0.6971327564963067 0.9917724533754809 1.5797813072339213
48 480 -0.8833762518436813 -0.4918382543919875 0.12677431854389234 0.7717479681156243 0.186237326709024 0.6971327564963067 0.9917724533754809 1.5797813072339213
49 490 -0.9453804638620558 -0.5646804906989898 0.11373937898413364 0.7693260417907568 0.11822392390267039 0.6351050498013965 1.0222256441614503 1.5930221002712197
50 500 -0.9453804638620558 -0.5646804906989898 0.11373937898413364 0.7693260417907568 0.11822392390267039 0.6351050498013965 1.0222256441614503 1.5930221002712197
51 510 -0.9453804638620558 -0.5646804906989898 0.11373937898413364 0.7693260417907568 0.11822392390267039 0.6351050498013965 1.0222256441614503 1.5930221002712197
52 520 -0.9453804638620558 -0.5646804906989898 0.11373937898413364 0.7693260417907568 0.11822392390267039 0.6351050498013965 1.0222256441614503 1.5930221002712197
53 530 -0.9388671952734721 -0.4964491371476604 0.0426075034046427 0.7361968299960242 0.10995729785828273 0.7243995629981677 0.9986505879716835 1.570303050025561
54 540 -0.9388671952734721 -0.4964491371476604 0.0426075034046427 0.7361968299960242 0.10995729785828273 0.7243995629981677 0.9986505879716835 1.570303050025561
55 550 -0.9388671952734721 -0.4964491371476604 0.0426075034046427 0.7361968299960242 0.10995729785828273 0.7243995629981677 0.9986505879716835 1.570303050025561
56 560 -0.9388671952734721 -0.4964491371476604 0.0426075034046427 0.7361968299960242 0.10995729785828273 0.7243995629981677 0.9986505879716835 1.570303050025561
57 570 -0.9317855752275134 -0.40855806832941466 0.06719279064510116 0.6717370703655303 0.1286705688108625 0.7610880652579557 1.0158816657752445 1.5401861195276063
58 580 -0.9317855752275134 -0.40855806832941466 0.06719279064510116 0.6717370703655303 0.1286705688108625 0.7610880652579557 1.0158816657752445 1.5401861195276063
59 590 -0.9317855752275134 -0.40855806832941466 0.06719279064510116 0.6717370703655303 0.1286705688108625 0.7610880652579557 1.0158816657752445 1.5401861195276063
60 600 -0.9317855752275134 -0.40855806832941466 0.06719279064510116 0.6717370703655303 0.1286705688108625 0.7610880652579557 1.0158816657752445 1.5401861195276063
61 610 -0.9238000063987827 -0.32590089528639954 0.0343779112040156 0.596111690915313 0.16557705003624568 0.8198796051011663 1.0174053570793995 1.5050807330593892
62 620 -0.9238000063987827 -0.32590089528639954 0.0343779112040156 0.596111690915313 0.16557705003624568 0.8198796051011663 1.0174053570793995 1.5050807330593892
63 630 -0.9238000063987827 -0.32590089528639954 0.0343779112040156 0.596111690915313 0.16557705003624568 0.8198796051011663 1.0174053570793995 1.5050807330593892
64 640 -0.9238000063987827 -0.32590089528639954 0.0343779112040156 0.596111690915313 0.16557705003624568 0.8198796051011663 1.0174053570793995 1.5050807330593892
65 650 -0.9334105241669574 -0.6531728588928005 0.17012243009639288 0.8008505898017526 0.19808082773294539 0.590003459849734 0.9853087627384048 1.6253696641444026
65 650 -0.9334105241669574 -0.6531728588928005 0.17012243009639288 0.8008505898017526 0.19808082773294539 0.590003459849734 0.9853087627384048 1.6253696641444026
