% # columns="iteration, evaluation, min max(neg(.)) min(pos(.)) max correlation, correlation matrix principal axes lengths  (sorted square roots of eigenvalues of correlation matrix)", seed=73453, Thu Dec 12 14:23:59 2024
1 10 -0.2228421991260025 -0.047963456994307915 0.07325546957393293 0.13006529316919516 0.8402762653438737 0.9851967844632745 1.042221098073368 1.1122491971288266
2 20 -0.12886243887429508 -0.004029653378166071 0.0988635479866515 0.24297811654417203 0.8402762653438737 0.9851967844632745 1.042221098073368 1.1122491971288266
3 30 -0.37572199663410966 -0.12431417260609508 0.25725869621547415 0.283606215506753 0.8402762653438737 0.9851967844632745 1.042221098073368 1.1122491971288266
4 40 -0.3796367157437533 -0.143457924212167 0.23577681790521354 0.3620403925544884 0.8402762653438737 0.9851967844632745 1.042221098073368 1.1122491971288266
5 50 -0.31834643530718854 -0.07178874775770588 0.2617785275111672 0.3611562476792296 0.6687165456115302 0.8634170254485262 1.126678128896959 1.2401312896851888
6 60 -0.4597027179768654 -0.12373269255239247 0.4239631222766436 0.4513396601036357 0.6687165456115302 0.8634170254485262 1.126678128896959 1.2401312896851888
7 70 -0.5029368151847584 0.030742324734282574 0.32948824693283707 0.5079426794412318 0.6687165456115302 0.8634170254485262 1.126678128896959 1.2401312896851888
8 80 -0.6229743195737579 -0.12165420335004468 0.49845833410738805 0.5353531247778716 0.6687165456115302 0.8634170254485262 1.126678128896959 1.2401312896851888
9 90 -0.6368394585156462 -0.24584820655815595 0.437980391380688 0.5386472714275177 0.42084650429116865 0.7628324412506319 1.113814973808391 1.4143518269941604
10 100 -0.7015309140240171 -0.25220431690435247 0.33860237329834625 0.4490497997115538 0.42084650429116865 0.7628324412506319 1.113814973808391 1.4143518269941604
11 110 -0.6475370203906371 -0.32266807327831126 0.37469045332711176 0.48052994218283784 0.42084650429116865 0.7628324412506319 1.113814973808391 1.4143518269941604
12 120 -0.673577696459788 -0.35492977416256855 0.4199103835734072 0.4321742752718238 0.42084650429116865 0.7628324412506319 1.113814973808391 1.4143518269941604
13 130 -0.6546747949560514 -0.48315758967021893 0.5584693964902027 0.5618743149607255 0.2783517988380579 0.7225562119891045 1.0698798694329303 1.501928713881504
14 140 -0.5828381516746086 -0.40031808590371326 0.5297837904627305 0.5954464150315923 0.2783517988380579 0.7225562119891045 1.0698798694329303 1.501928713881504
15 150 -0.5879830720823527 -0.3828740331487993 0.5526246690320462 0.5531405760167177 0.2783517988380579 0.7225562119891045 1.0698798694329303 1.501928713881504
16 160 -0.5533330060276225 -0.4918257812729251 0.4709493515125036 0.5848576579445239 0.2783517988380579 0.7225562119891045 1.0698798694329303 1.501928713881504
17 170 -0.5893910036840422 -0.4657313281037001 0.3707299445302261 0.44091781670582214 0.29820979377418133 0.7713842698777313 1.1409688642811628 1.419234750780615
18 180 -0.5839744391390147 -0.39959073694530467 0.3366173293646036 0.4530194662048389 0.29820979377418133 0.7713842698777313 1.1409688642811628 1.419234750780615
19 190 -0.5397929101034351 -0.3992245219762697 0.27652529179996554 0.5498822589481732 0.29820979377418133 0.7713842698777313 1.1409688642811628 1.419234750780615
20 200 -0.5927454024777179 -0.3804265866990736 0.3298463242392516 0.4267182432557831 0.29820979377418133 0.7713842698777313 1.1409688642811628 1.419234750780615
21 210 -0.5408417229816368 -0.25941067113305183 0.3676350161670503 0.422585617515867 0.32912835302305815 0.9139065971300989 1.1613052273427213 1.306835654512411
22 220 -0.5907475067087369 -0.25653178318886566 0.35107071748978924 0.35888884797148546 0.32912835302305815 0.9139065971300989 1.1613052273427213 1.306835654512411
23 230 -0.6534685829235202 -0.1275932662702657 0.26931962191347 0.3587853566501081 0.32912835302305815 0.9139065971300989 1.1613052273427213 1.306835654512411
24 240 -0.652530892159388 0.04132441260411614 0.31402039738045295 0.31624501810065964 0.32912835302305815 0.9139065971300989 1.1613052273427213 1.306835654512411
25 250 -0.6350665572402727 0.04769247762978296 0.2846912134949914 0.3332047992444167 0.37618424453023624 0.9459360762654434 1.1511744607161405 1.2800342631280048
26 260 -0.6147360565551421 -0.0782984718247737 0.2775571832647227 0.28790190336529087 0.37618424453023624 0.9459360762654434 1.1511744607161405 1.2800342631280048
27 270 -0.6045975690035466 -0.23279731713323898 0.3084065648504743 0.39624283449079617 0.37618424453023624 0.9459360762654434 1.1511744607161405 1.2800342631280048
28 280 -0.7264264367174258 -0.2399022899063783 0.26610470529928 0.32745794245966786 0.37618424453023624 0.9459360762654434 1.1511744607161405 1.2800342631280048
29 290 -0.7561831164158657 -0.20491499132735344 0.22502012783841469 0.27613914943360807 0.34980304669405615 0.9120859755293317 1.0756065456805537 1.3743389540631565
30 300 -0.7682543126626267 -0.29400739818220667 0.34551458496194787 0.3567310328926618 0.34980304669405615 0.9120859755293317 1.0756065456805537 1.3743389540631565
31 310 -0.7166517107137466 -0.1954142861802075 0.27875411639975844 0.35139558340596555 0.34980304669405615 0.9120859755293317 1.0756065456805537 1.3743389540631565
32 320 -0.6487209461161465 -0.08589358652947368 0.141575743608907 0.5158323867290231 0.34980304669405615 0.9120859755293317 1.0756065456805537 1.3743389540631565
33 330 -0.6916343356472788 -0.0022278111971536416 0.2116825688950645 0.5360963200439797 0.31006702294643373 0.9251054193624014 1.066819871419751 1.3820035333860028
34 340 -0.7906472334035839 -0.011179792949286962 0.1912348296551472 0.48721327735308795 0.31006702294643373 0.9251054193624014 1.066819871419751 1.3820035333860028
35 350 -0.7050450821805931 0.017273260420979007 0.15261919470351018 0.5569624839216343 0.31006702294643373 0.9251054193624014 1.066819871419751 1.3820035333860028
36 360 -0.6292171622410129 0.026626673074880786 0.16778512106316662 0.6334540621089554 0.31006702294643373 0.9251054193624014 1.066819871419751 1.3820035333860028
37 370 -0.6611792774185783 -0.060572883508384405 0.19779700651995394 0.6539383313187059 0.2957379461181396 0.8570229464503178 1.090003421302525 1.4106534932548915
38 380 -0.8139958125754276 -0.366581464536174 0.085391624606911 0.736914411985196 0.2957379461181396 0.8570229464503178 1.090003421302525 1.4106534932548915
39 390 -0.7700916378432591 -0.3477084887348043 0.10926112059469084 0.7408202278289647 0.2957379461181396 0.8570229464503178 1.090003421302525 1.4106534932548915
40 400 -0.8041673954546997 -0.4798934858264509 0.26738122743161985 0.8093434558492986 0.2957379461181396 0.8570229464503178 1.090003421302525 1.4106534932548915
41 410 -0.8444548759869533 -0.640565698957746 0.1367987891101128 0.8748179953544059 0.2393906989326972 0.5551537912379862 1.0272538330282568 1.6060030896194937
42 420 -0.8236729753351373 -0.5535250899566138 0.37672145598788626 0.8338840400969955 0.2393906989326972 0.5551537912379862 1.0272538330282568 1.6060030896194937
43 430 -0.8634747664812824 -0.6430275013922013 0.502937736065702 0.8763833212443936 0.2393906989326972 0.5551537912379862 1.0272538330282568 1.6060030896194937
44 440 -0.8476553765507087 -0.5841591758836506 0.4758025114218084 0.8667679636994177 0.2393906989326972 0.5551537912379862 1.0272538330282568 1.6060030896194937
45 450 -0.8556307687401169 -0.6930211800599827 0.45019181070252434 0.9221013042487849 0.19133881963293747 0.5479536902749915 0.8713752606563129 1.7040661268071835
46 460 -0.8569213557552574 -0.6830653942742605 0.3895558319427462 0.9210694300785183 0.19133881963293747 0.5479536902749915 0.8713752606563129 1.7040661268071835
47 470 -0.8888642083038302 -0.7766571727852145 0.5004552556661012 0.9565132529682752 0.19133881963293747 0.5479536902749915 0.8713752606563129 1.7040661268071835
48 480 -0.899377014398954 -0.8100317181100471 0.3700908862074548 0.9643706275116615 0.19133881963293747 0.5479536902749915 0.8713752606563129 1.7040661268071835
49 490 -0.8816973755367775 -0.7840782453206944 0.30234354720473955 0.9680486773836061 0.12017054113000707 0.4613017648987258 0.9628187105670887 1.68693208319949
50 500 -0.886737051277392 -0.7888116398674299 0.10247549288551562 0.968053278727383 0.12017054113000707 0.4613017648987258 0.9628187105670887 1.68693208319949
51 510 -0.8951283833326732 -0.8165960983967461 0.07404209820322569 0.9742046369883397 0.12017054113000707 0.4613017648987258 0.9628187105670887 1.68693208319949
52 520 -0.9220444638337315 -0.8623478801149785 0.07844328210333534 0.9787195176034758 0.12017054113000707 0.4613017648987258 0.9628187105670887 1.68693208319949
53 530 -0.9076431587718503 -0.8425410708196465 0.2113712754817444 0.977058038396333 0.112758539707496 0.4098249980816662 0.9658685561688937 1.6989487675838293
54 540 -0.9069952550023234 -0.844159576970382 0.08361410256556237 0.9782122251816883 0.112758539707496 0.4098249980816662 0.9658685561688937 1.6989487675838293
55 550 -0.9061481301067925 -0.8396419642347046 0.08163915138085612 0.9755188107169146 0.112758539707496 0.4098249980816662 0.9658685561688937 1.6989487675838293
56 560 -0.909453551795219 -0.8550439339249732 0.13098294432287755 0.9795570917029779 0.112758539707496 0.4098249980816662 0.9658685561688937 1.6989487675838293
57 570 -0.877751354364688 -0.8067411493475739 0.20934399654679672 0.9725277923333439 0.132257258489147 0.44913327304595146 0.9824938124871513 1.677943154294694
58 580 -0.8808805888477848 -0.817057498481035 0.19558371530963184 0.9724182373342886 0.132257258489147 0.44913327304595146 0.9824938124871513 1.677943154294694
59 590 -0.8835436682580305 -0.8114007266412072 0.19091796850656392 0.9711838186400678 0.132257258489147 0.44913327304595146 0.9824938124871513 1.677943154294694
60 600 -0.8772597424030356 -0.7995182011257641 0.21998574222981204 0.9644184380516174 0.132257258489147 0.44913327304595146 0.9824938124871513 1.677943154294694
61 610 -0.8133359387873705 -0.7274665081966087 0.05574714672894324 0.9606845840645887 0.17002583824785242 0.5414447334668201 1.0032259957632912 1.6344621183600156
62 620 -0.7658847077705958 -0.6119982925703359 0.2366127221942589 0.9435918818739583 0.17002583824785242 0.5414447334668201 1.0032259957632912 1.6344621183600156
63 630 -0.7195503288575832 -0.4981213891606754 0.17145536340471793 0.9253693328609867 0.17002583824785242 0.5414447334668201 1.0032259957632912 1.6344621183600156
64 640 -0.6607000137928675 -0.38507490196958827 0.19693039759634695 0.9048427693732543 0.17002583824785242 0.5414447334668201 1.0032259957632912 1.6344621183600156
65 650 -0.7006277702873218 -0.4292061231351391 0.14355918004118462 0.901423874381578 0.1939649102943649 0.7468480279263855 1.0127558749643433 1.5423751730633426
65 650 -0.7006277702873218 -0.4292061231351391 0.14355918004118462 0.901423874381578 0.1939649102943649 0.7468480279263855 1.0127558749643433 1.5423751730633426
