phi_s_top|phi_p_top|phi_c_top|phi_s_bot|phi_p_bot|phi_c_bot
0.16666666666666669|0.41666667617193803|0.4166666571613952|0.4166666666666666|0.16666666666666696|0.4166666666666665
0.4145965242879768|0.418744|0.16665947571202322|0.4189168180164332|0.4144243024543745|0.16665887952919228
0.41459621497287436|0.418744|0.16665978502712564|0.4187440019795616|0.4145962129998696|0.16665978502056877
0.41371348107378947|0.419648|0.1666385189262105|0.4226509385916084|0.41073190259799697|0.16661715881039463
0.41371344161852036|0.419648|0.16663855838147956|0.4226350564154714|0.4107475954797634|0.1666173481047652
0.41370964266358096|0.419648|0.16664235733641908|0.42205401530490416|0.41131961474233114|0.1666263699527647
0.4137063411568974|0.419648|0.16664565884310256|0.4214674844283061|0.4118981076227595|0.1666344079489343
0.4137045917623977|0.419648|0.16664740823760227|0.4211026289275182|0.4122585395505149|0.16663883152196696
0.4137027320928505|0.419648|0.1666492679071494|0.42067330481172166|0.4126831254637973|0.16664356972448097
0.41370149978611254|0.419648|0.1666505002138874|0.4203572869908144|0.41299597777277675|0.16664673523640883
0.41369948720755745|0.419648|0.16665251279244253|0.4196480002683801|0.4136994869404512|0.16665251279116866
0.41331389780805483|0.42005|0.1666361021919452|0.422675857795614|0.41070760471234447|0.16661653749204153
0.41330713433334987|0.42005|0.16664286566665015|0.4215269048726372|0.41183990083011335|0.16663319429724943
0.41330439430332055|0.42005|0.16664560569667947|0.4209142038958562|0.4124454325354154|0.1666403635687284
0.41330392393818255|0.42005|0.16664607606181742|0.4207819299227928|0.4125763573824299|0.16664171269477723
0.4112546076656045|0.422126|0.1666193923343955|0.42212600002978345|0.41125460763607885|0.16661939233413764
0.41125460766542754|0.422126|0.16661939233457246|0.4221259999899118|0.4112546076754285|0.16661939233465967
0.40964413651384646|0.423769|0.16658686348615354|0.42376900072828705|0.40964413579372677|0.16658686347798618
0.40964413651273174|0.423769|0.1665868634872683|0.42376900019278996|0.4096441363221042|0.16658686348510582
0.4096441365125944|0.423769|0.16658686348740553|0.4237690000619294|0.4096441364513603|0.1665868634867103
0.40964413651254605|0.423769|0.16658686348745394|0.4237690000327534|0.40964413648015957|0.166586863487087
0.40964413651249093|0.423769|0.166586863487509|0.42376900006953816|0.4096441364437331|0.1665868634867287
0.4096441365122708|0.423769|0.16658686348772928|0.42376899999699613|0.40964413651524084|0.16658686348776303
0.4090551732936039|0.424372|0.16657282670639612|0.4243720005530596|0.409055172747267|0.16657282669967344
0.4090551732923345|0.424372|0.16657282670766554|0.42437200028172856|0.4090551730140288|0.16657282670424262
0.4090551732922279|0.424372|0.16657282670777213|0.4243720000308076|0.4090551732617953|0.16657282670739715
0.4090551732921754|0.424372|0.16657282670782453|0.42437200001301834|0.409055173279316|0.16657282670766566
0.40905517329212854|0.424372|0.16657282670787138|0.4243720000145141|0.4090551732777912|0.1665728267076947
0.4090551732918331|0.424372|0.16657282670816692|0.42437199993800273|0.40905517335307673|0.1665728267089206
0.4080760589181591|0.425377|0.16654694108184087|0.42537700003635215|0.4080760588823057|0.16654694108134216
0.4080760589180344|0.425377|0.16654694108196566|0.4253770000015858|0.40807605891647053|0.16654694108194373
0.40635627771070315|0.42715|0.16649372228929687|0.4271500002888807|0.4063562774265768|0.16649372228454246
0.4056422904402724|0.427889|0.16646870955972765|0.42788900831390025|0.4056422822729937|0.1664687094131061
0.4056422903651614|0.427889|0.16646870963483856|0.42788900015854753|0.4056422902094024|0.16646870963205002
0.4056422903640169|0.427889|0.1664687096359831|0.4278889999957507|0.40564229036819127|0.16646870963605803
0.40564229036399585|0.427889|0.1664687096360042|0.42788899999059443|0.40564229037323546|0.16646870963617016
0.4049636596535128|0.428593|0.16644334034648722|0.4285930001568358|0.40496365949960045|0.16644334034356367
0.40486738493372804|0.428693|0.16643961506627192|0.4286930000070405|0.40486738492681995|0.16643961506613947
0.40486738493360713|0.428693|0.16643961506639293|0.4286929999921003|0.4048673849413579|0.1664396150665418
0.404867384933558|0.428693|0.166439615066442|0.42869299998809185|0.404867384945242|0.16643961506666616
0.40486738493352686|0.428693|0.1664396150664731|0.42869299998966676|0.40486738494366536|0.16643961506666793
0.40486738493338487|0.428693|0.1664396150666152|0.42869300005914374|0.40486738487535073|0.16643961506550548
0.40370868823986883|0.429899|0.1663923117601312|0.4298990000285275|0.4037086882119297|0.1663923117595429
0.4037086882397364|0.429899|0.16639231176026364|0.42989900000049625|0.40370868823925016|0.16639231176025354
0.4037086882396877|0.429899|0.16639231176031238|0.4298989999910921|0.40370868824841133|0.16639231176049663
0.4037086882381738|0.429899|0.16639231176182628|0.4298989992836295|0.40370868893977924|0.16639231177659125
0.4016909976506218|0.43201|0.16629900234937822|0.4320100000058148|0.40169099764494565|0.16629900234923956
0.4015348036383817|0.432174|0.16629119636161832|0.43217399998589273|0.40153480365214833|0.166291196361959
0.40073508871563346|0.433015|0.16624991128436656|0.4330149999987643|0.40073508871683866|0.1662499112843971
0.40073508871551294|0.433015|0.16624991128448702|0.43301499999775084|0.4007350887177048|0.16624991128454436
0.4002577831574282|0.433518|0.16622421684257177|0.43351800000293494|0.4002577831545699|0.16622421684249516
0.399401840222976|0.434422|0.16617615977702405|0.4344220000165559|0.39940184020687475|0.1661761597765693
0.39940184022257574|0.434422|0.16617615977742428|0.4344220000054106|0.3994018402173141|0.16617615977727523
0.3994018402225428|0.434422|0.16617615977745726|0.43442200000304465|0.3994018402195818|0.16617615977737354
0.39940184022251735|0.434422|0.16617615977748268|0.43442199999689146|0.399401840225541|0.16617615977756756
0.39940184022250425|0.434422|0.16617615977749578|0.43442199996845265|0.3994018402531888|0.16617615977835853
0.3994018402216594|0.434422|0.16617615977834055|0.4344220000162699|0.39940184020581626|0.16617615977791378
0.39779025544707286|0.436131|0.1660787445529271|0.4361309998825294|0.39779025556104086|0.1660787445564298
0.39779025544503477|0.436131|0.16607874455496524|0.4361309998833304|0.3977902555582082|0.16607874455846144
0.3967884051072523|0.437198|0.1660135948927477|0.43719800000335|0.39678840510400754|0.1660135948926425
0.39562453831291594|0.438442|0.165933461687084|0.4384420001592811|0.3956245381590027|0.16593346168171624
0.3956245383084043|0.438442|0.16593346169159573|0.43844199980798154|0.39562453849406753|0.16593346169795087
0.39515521044914925|0.438945|0.16589978955085077|0.43894499862250136|0.39515521178002955|0.1658997895974691
0.395155210442191|0.438945|0.1658997895578091|0.4389449999856976|0.39515521045600865|0.16589978955829376
0.39515521044218865|0.438945|0.16589978955781132|0.4389450000008085|0.3951552104414076|0.1658997895577839
0.39515521044201246|0.438945|0.16589978955798762|0.43894499999515757|0.39515521044668567|0.16589978955815676
0.393940038805246|0.440251|0.16580896119475402|0.44025100000259826|0.3939400388027421|0.1658089611946596
0.3939400388052233|0.440251|0.16580896119477667|0.4402509999967331|0.393940038808374|0.16580896119489286
0.39394003880522177|0.440251|0.16580896119477823|0.4402509999975984|0.39394003880753803|0.16580896119486355
0.39394003880517947|0.440251|0.16580896119482053|0.44025099999628065|0.39394003880876594|0.16580896119495336
0.3939400388051603|0.440251|0.16580896119483962|0.4402509999933892|0.3939400388115329|0.16580896119507788
0.3939400388048157|0.440251|0.16580896119518423|0.44025099997635353|0.3939400388276048|0.16580896119604166
0.39263636011748293|0.441658|0.16570563988251708|0.44165799998470223|0.39263636013219877|0.165705639883099
0.39263636011745234|0.441658|0.16570563988254772|0.4416580000289684|0.3926363600895728|0.1657056398814588
0.3921144384999737|0.442223|0.16566256150002628|0.4422230000377736|0.39211443846365507|0.16566256149857134
0.3921144384998329|0.442223|0.16566256150016706|0.44222299998924025|0.3921144385101736|0.16566256150058623
0.3910604366242243|0.443367|0.1655725633757757|0.44336699999998946|0.39106043662423484|0.16557256337577575
0.39106043662334666|0.443367|0.16557256337665333|0.4433669997620144|0.39106043685178354|0.16557256338620202
0.39096847961229797|0.443467|0.16556452038770203|0.4434670000225639|0.39096847959064446|0.16556452038679165
0.39013755141109796|0.444372|0.16549044858890205|0.4443719995176493|0.3901375518734897|0.16549044860886103
0.39013755140807893|0.444372|0.16549044859192108|0.44437200000254207|0.3901375514056431|0.16549044859181483
0.3886668385780187|0.44598|0.16535316142198125|0.4459800000640423|0.3886668385168445|0.1653531614191131
0.38866683857796297|0.44598|0.165353161422037|0.4459800000033134|0.38866683857496015|0.16535316142172646
0.3886668385768567|0.44598|0.16535316142314332|0.4459800000099043|0.38866683856739664|0.165353161422699
0.3886668385765839|0.44598|0.1653531614234161|0.4459799999988482|0.388666838577682|0.16535316142346984
0.38751310019503726|0.447247|0.16523989980496273|0.44724700003728013|0.3875131001595355|0.16523989980318438
0.3875131001929181|0.447247|0.1652398998070818|0.44724699999990275|0.38751310019301055|0.16523989980708675
0.38751310019281016|0.447247|0.16523989980718984|0.4472469999795214|0.3875131002123661|0.16523989980811243
0.3868385943932674|0.44799|0.1651714056067326|0.44799000006688394|0.3868385943294753|0.16517140560364074
0.386565777446103|0.448291|0.16514322255389702|0.44829099995900973|0.3865657774851691|0.1651432225558212
0.3865657774450428|0.448291|0.16514322255495717|0.44829099999832905|0.38656577744663484|0.16514322255503605
0.3865657774449599|0.448291|0.1651432225550401|0.4482909999859918|0.38656577745831855|0.16514322255568958
0.3863837367948646|0.448492|0.1651242632051354|0.4484920002900225|0.3863837365184384|0.16512426319153906
0.38638373679391597|0.448492|0.16512426320608398|0.44849199999969747|0.3863837367942041|0.1651242632060984
0.3847494779421602|0.450302|0.16494852205783983|0.4503019998142138|0.3847494781188127|0.16494852206697347
0.38474947794101105|0.450302|0.16494852205898902|0.45030199995328063|0.38474947798543313|0.16494852206128618
0.38474947794086745|0.450302|0.16494852205913257|0.45030200001510096|0.38474947792651115|0.16494852205838784
0.38474947794070435|0.450302|0.16494852205929567|0.4503020000013609|0.3847494779394103|0.16494852205922883
0.38474947794062947|0.450302|0.1649485220593705|0.4503020000097617|0.38474947793134395|0.16494852205889432
0.38298184368878174|0.452271|0.16474715631121828|0.4522710000158332|0.3829818436737715|0.16474715631039527
0.38298184368798954|0.452271|0.16474715631201053|0.4522709999749236|0.3829818437117264|0.16474715631335002
0.3827653206849046|0.452513|0.16472167931509535|0.45251300000258193|0.382765320682458|0.16472167931496012
0.3826758947755084|0.452613|0.16471110522449156|0.4526129997791349|0.38267589498966154|0.16471110523120364
0.3826758947506331|0.452613|0.16471110524936688|0.4526130000146931|0.38267589473670943|0.1647111052485975
0.3821372304577335|0.453216|0.16464676954226648|0.45321599999712964|0.3821372304604523|0.16464676954241803
0.3821372304577181|0.453216|0.1646467695422819|0.4532160000017913|0.3821372304560256|0.1646467695421831
0.38213723045746856|0.453216|0.16464676954253138|0.4532159999733451|0.3821372304827134|0.16464676954394142
0.38088416516935714|0.454623|0.16449283483064292|0.45462300000607125|0.3808841651636182|0.16449283483031052
0.3790140873501868|0.456734|0.1642519126498132|0.4567339999483493|0.3790140873988833|0.1642519126527674
0.37901408734997377|0.456734|0.16425191265002625|0.4567340000116543|0.3790140873389885|0.16425191264935718
0.3790140873499679|0.456734|0.16425191265003214|0.45673399999516634|0.3790140873545247|0.16425191265030903
0.378748408334913|0.457035|0.1642165916650869|0.457034999999041|0.37874840833583473|0.1642165916651242
0.3787484083348449|0.457035|0.16421659166515507|0.45703499999823555|0.37874840833650564|0.16421659166525887
0.3787484083348374|0.457035|0.16421659166516261|0.4570350000010636|0.3787484083338332|0.1642165916651031
0.37851911201971294|0.457295|0.1641858879802871|0.45729499988563693|0.37851911212734124|0.16418588798702183
0.3785191120186204|0.457295|0.16418588798137956|0.45729499999977935|0.3785191120188276|0.1641858879813931
0.37851911201815974|0.457295|0.1641858879818403|0.4572949999595697|0.3785191120562271|0.1641858879842032
0.37777425812578347|0.458141|0.1640847418742165|0.45814100000934416|0.3777742581169572|0.1640847418736986
0.37777425812048054|0.458141|0.16408474187951938|0.45814100003002867|0.3777742580917402|0.16408474187823113
0.37706813742584083|0.458945|0.16398686257415912|0.4589450000077707|0.3770681374185322|0.1639868625736971
0.37539835449019565|0.460854|0.16374764550980436|0.46085399999968774|0.3753983544904879|0.1637476455098244
0.37539835448954356|0.460854|0.1637476455104564|0.46085400000727383|0.3753983544826633|0.16374764551006288
0.37478498123509063|0.461558|0.16365701876490935|0.46155799998767094|0.37478498124664705|0.16365701876568206
0.37478498123492876|0.461558|0.16365701876507122|0.46155800000319724|0.37478498123193027|0.16365701876487249
0.37478498123483217|0.461558|0.1636570187651678|0.4615579999924559|0.37478498124188936|0.1636570187656547
0.3741233981140877|0.462319|0.16355760188591234|0.462318999710877|0.3741233983848822|0.16355760190424085
0.374123398112951|0.462319|0.163557601887049|0.46231900000347526|0.37412339810969386|0.16355760188683088
0.3741233981127505|0.462319|0.1635576018872495|0.46231899999488457|0.3741233981175218|0.1635576018875936
0.374123398107955|0.462319|0.163557601892045|0.4623190006005802|0.3741233975456839|0.1635576018537359
0.37347631533600667|0.463065|0.16345868466399333|0.4630650001687849|0.37347631517807933|0.16345868465313584
0.37330221387611845|0.463266|0.1634317861238816|0.46326599999971796|0.37330221387638124|0.1634317861239008
0.37330221387568036|0.463266|0.1634317861243197|0.4632660000747462|0.3733022138057029|0.16343178611955095
0.37330221380440076|0.463266|0.16343178619559923|0.46326599228835835|0.37330222101864957|0.16343178669299202
0.3718261305635913|0.464975|0.1631988694364087|0.46497499997705694|0.37182613058510205|0.163198869437841
0.37182613056341396|0.464975|0.163198869436586|0.464975000000713|0.3718261305627477|0.16319886943653927
0.3708757242090694|0.46608|0.16304427579093056|0.46607999997835176|0.3708757242292735|0.16304427579237468
0.37087572420878206|0.46608|0.16304427579121789|0.4660800000114822|0.37087572419807296|0.16304427579044484
0.3697932426761444|0.467343|0.16286375732385566|0.46734300002449747|0.36979324265334346|0.16286375732215908
0.3697932426760432|0.467343|0.1628637573239568|0.4673430000019825|0.3697932426741963|0.16286375732382125
0.369793242676029|0.467343|0.16286375732397101|0.4673429999997089|0.3697932426763003|0.16286375732399072
0.369583730245195|0.467588|0.16282826975480502|0.4675879997870479|0.36958373044702914|0.16282826976592296
0.36958373023928287|0.467588|0.16282826976071718|0.4675879999391737|0.3695837302958916|0.16282826976493475
0.369583730238831|0.467588|0.16282826976116904|0.467588000012895|0.3695837302268469|0.1628282697602581
0.36958373023874574|0.467588|0.1628282697612543|0.46758799999970807|0.36958373023901797|0.1628282697612739
0.3692402888629542|0.46799|0.16276971113704575|0.4679899998334722|0.3692402890178555|0.16276971114867228
0.3692402888617659|0.46799|0.16276971113823413|0.4679899999902671|0.3692402888707075|0.1627697111390255
0.3682983600638603|0.469095|0.16260663993613972|0.46909499998702275|0.36829836007590067|0.16260663993707658
0.36829836006345973|0.469095|0.1626066399365403|0.46909499999992277|0.36829836006353145|0.16260663993654578
0.3682983600628075|0.469095|0.16260663993719254|0.4690950000142858|0.36829836004946676|0.16260663993624752
0.3670178704561368|0.470603|0.16237912954386313|0.47060300011714173|0.3670178703478724|0.16237912953498584
0.3670178704507427|0.470603|0.16237912954925726|0.4706029999790094|0.367017870470223|0.16237912955076766
0.3670178704498563|0.470603|0.16237912955014366|0.4706029999236644|0.3670178705205132|0.1623791295558224
0.3659126671999349|0.47191|0.16217733280006513|0.4719100006884656|0.3659126665617999|0.16217733274973456
0.36591266719187154|0.47191|0.16217733280812846|0.4719100000059729|0.36591266718634435|0.16217733280768282
0.36552723217521216|0.472367|0.16210576782478792|0.4723670000569949|0.36552723212236893|0.16210576782063624
0.3655272321743698|0.472367|0.16210576782563024|0.4723669999863183|0.3655272321870079|0.16210576782667385
0.3650657322573827|0.472915|0.16201926774261732|0.4729150005469349|0.36506573174967916|0.16201926770338593
0.3650657322547825|0.472915|0.16201926774521747|0.47291499999871667|0.3650657322559705|0.16201926774531283
0.36481256129598233|0.473216|0.1619714387040177|0.47321599997972646|0.3648125613147318|0.1619714387055417
0.36481256129590267|0.473216|0.1619714387040973|0.4732159999963776|0.3648125612992821|0.16197143870434028
0.36481256129585393|0.473216|0.16197143870414604|0.4732160000001718|0.364812561295692|0.16197143870413627
0.36321128142490094|0.475126|0.16166271857509912|0.47512599998125593|0.36321128144277076|0.1616627185759733
0.36321128142390785|0.475126|0.1616627185760921|0.47512600001664723|0.36321128140856035|0.16166271857479236
0.36321128142373776|0.475126|0.1616627185762622|0.47512599999987437|0.36321128142385345|0.16166271857627218
0.3622889854831794|0.476231|0.16148001451682054|0.47623100000176094|0.3622889854815478|0.1614800145166913
0.36228898548308447|0.476231|0.16148001451691557|0.47623100005563956|0.36228898543139904|0.1614800145129614
0.3613688459926874|0.477337|0.16129415400731262|0.4773370000042145|0.3613688459888035|0.161294154006982
0.36136884599265506|0.477337|0.16129415400734493|0.477337000001305|0.36136884599145036|0.16129415400724456
0.3613688459925034|0.477337|0.16129415400749658|0.4773370000166572|0.36136884597705343|0.16129415400628933
0.3613239969306349|0.477391|0.1612850030693651|0.4773909999821633|0.361323996947129|0.1612850030707077
0.3613239969300894|0.477391|0.16128500306991056|0.4773910000084481|0.3613239969221764|0.16128500306937554
0.3609521894116665|0.477839|0.16120881058833347|0.47783900000032825|0.3609521894113752|0.1612088105882965
0.36095218941163837|0.477839|0.16120881058836167|0.4778390000001007|0.360952189411545|0.1612088105883543
0.36095218941094004|0.477839|0.16120881058906|0.477839000420143|0.36095218902273707|0.16120881055712
0.35945580127108745|0.479648|0.16089619872891253|0.4796479999388222|0.3594558013275206|0.1608961987336573
0.3594558012710819|0.479648|0.16089619872891808|0.47964800000311497|0.35945580126822463|0.16089619872866046
0.35945580127103677|0.479648|0.16089619872896327|0.47964800000104213|0.35945580127007326|0.1608961987288846
0.35945580127030785|0.479648|0.16089619872969213|0.4796479999278348|0.35945580133639227|0.16089619873577293
0.3587101585926777|0.480553|0.16073684140732225|0.48055300000116086|0.35871015859160993|0.16073684140722921
0.3587101585926352|0.480553|0.16073684140736477|0.4805530000090647|0.3587101585842633|0.16073684140667194
0.3587101585511844|0.480553|0.16073684144881561|0.4805530001418026|0.3587101584252443|0.16073684143295314
0.35796730392924725|0.481457|0.16057569607075273|0.48145699999175384|0.35796730393735665|0.1605756960708895
0.3579673039284244|0.481457|0.16057569607157562|0.481456999988495|0.3579673039389931|0.16057569607251188
0.3579673039284226|0.481457|0.1605756960715774|0.48145699999998953|0.3579673039284327|0.16057569607157773
0.35796730391520687|0.481457|0.16057569608479305|0.4814569990316081|0.35796730480338784|0.16057569616500406
0.3571813909466204|0.482416|0.1604026090533796|0.48241600003037677|0.35718139091907336|0.16040260905054987
0.3571813909452217|0.482416|0.16040260905477827|0.4824159999741094|0.35718139096898194|0.16040260905690873
0.35718139094506557|0.482416|0.16040260905493436|0.4824160000020006|0.35718139094320867|0.16040260905479076
0.35689674290515117|0.482764|0.1603392570948488|0.4827639995952782|0.3568967432766772|0.16033925712804464
0.35689674289664636|0.482764|0.16033925710335367|0.4827640001722983|0.35689674273905014|0.1603392570886515
0.3568967428931887|0.482764|0.16033925710681135|0.4827640000040235|0.35689674288948187|0.16033925710649471
0.3568967428895562|0.482764|0.16033925711044378|0.4827640000971653|0.3568967427995281|0.16033925710330654
0.355748815317343|0.484171|0.16008018468265706|0.4841710000041128|0.3557488153135604|0.16008018468232676
0.35574881531733776|0.484171|0.16008018468266216|0.4841710000001614|0.3557488153171924|0.1600801846826463
0.35574881531731484|0.484171|0.16008018468268514|0.4841710000015462|0.35574881531587926|0.1600801846825745
0.35517701589062034|0.484874|0.15994898410937963|0.4848739998565931|0.35517701602400387|0.15994898411940306
0.3551770158882906|0.484874|0.15994898411170944|0.48487400000172226|0.3551770158866994|0.15994898411157837
0.3551770158881873|0.484874|0.1599489841118127|0.48487399997705555|0.35517701590913|0.15994898411381453
0.3546055714118135|0.485578|0.1598164285881865|0.4855780000107545|0.3546055714136447|0.15981642857560074
0.3546055713936466|0.485578|0.1598164286063533|0.4855779999425292|0.35460557144665256|0.1598164286108183
0.35460557139298715|0.485578|0.15981642860701278|0.48557800030894177|0.3546055711079819|0.15981642858307626
0.3546055713899414|0.485578|0.15981642861005857|0.4855780000883805|0.3546055713089542|0.15981642860266532
0.35309977552033034|0.48744|0.15946022447966968|0.48743999941509736|0.3530997760616962|0.15946022452320652
0.35309977550770166|0.48744|0.15946022449229835|0.4874400000373363|0.35309977547323995|0.15946022448942382
0.3530997755076885|0.48744|0.15946022449231145|0.48744000000044213|0.35309977550727756|0.15946022449228026
0.35309977550758453|0.48744|0.15946022449241548|0.487439999973573|0.3530997755317198|0.1594602244947072
0.35289983038027994|0.487688|0.15941216961972005|0.48768799999995527|0.352899830380321|0.1594121696197237
0.35289983038025313|0.487688|0.1594121696197469|0.48768799999838525|0.35289983038172235|0.15941216961989246
0.3528998303802194|0.487688|0.15941216961978066|0.4876880000064122|0.35289983037435735|0.15941216961923044
0.3528998303797289|0.487688|0.15941216962027116|0.4876880002695275|0.35289983013035514|0.15941216960011734
0.3520910353125694|0.488693|0.15921596468743054|0.4886930000294412|0.35209103528586194|0.1592159646846969
0.352091035312055|0.488693|0.15921596468794502|0.48869300001418847|0.35209103529903674|0.1592159646867748
0.35209103531167874|0.488693|0.15921596468832128|0.4886929999985516|0.35209103531287855|0.1592159646885698
0.35209103531000335|0.488693|0.15921596468999671|0.4886929995843108|0.3520910356865814|0.15921596472910782
0.3516871165711263|0.489196|0.1591168834288737|0.4891960005522041|0.35168711606535374|0.15911688338244223
0.3516871165643434|0.489196|0.1591168834356566|0.4891960000302082|0.35168711653656515|0.1591168834332266
0.3516871165643341|0.489196|0.15911688343566593|0.4891960000003823|0.35168711656398177|0.1591168834356359
0.35168711656428603|0.489196|0.1591168834357139|0.4891960000090294|0.3516871165560568|0.15911688343491381
0.3516871165642453|0.489196|0.15911688343575475|0.4891959999793756|0.3516871165829899|0.15911688343763453
0.3512845852975094|0.489698|0.1590174147024906|0.48969799988925306|0.35128458539949287|0.15901741471125413
0.35128458529664847|0.489698|0.15901741470335157|0.48969800000446434|0.3512845852925622|0.15901741470297343
0.3512845852966424|0.489698|0.15901741470335756|0.48969800000001407|0.35128458529662976|0.15901741470335617
0.35128458529664214|0.489698|0.15901741470335778|0.4896980000003114|0.35128458529635553|0.15901741470333308
0.3512845852966413|0.489698|0.15901741470335867|0.48969799999998603|0.3512845852966539|0.15901741470336012
0.3490770715618939|0.492464|0.15845892843810616|0.4924639999987673|0.34907707156370305|0.15845892843752973
0.3490770715610191|0.492464|0.1584589284389809|0.4924639999388051|0.3490770716171022|0.1584589284440927
0.34907707156090456|0.492464|0.15845892843909537|0.4924640000311132|0.34907707153231887|0.158458928436568
0.34907707156089884|0.492464|0.15845892843910114|0.49246400000003737|0.34907707156086354|0.15845892843909914
0.3490770715608204|0.492464|0.15845892843917952|0.4924640000008337|0.34907707156003265|0.15845892843913367
0.34895865453371144|0.492613|0.15842834546628853|0.49261300000015085|0.34895865453357283|0.15842834546627632
0.348958654533698|0.492613|0.15842834546630197|0.4926130000152408|0.3489586545196362|0.15842834546512302
0.3489586545336095|0.492613|0.15842834546639045|0.49261299999583846|0.3489586545373792|0.15842834546678242
0.3484799408434372|0.493216|0.15830405915656287|0.4932160000100596|0.3484799408342511|0.1583040591556893
0.3484799408433374|0.493216|0.15830405915666257|0.49321599999996896|0.34847994084336537|0.15830405915666562
0.3484799408428522|0.493216|0.15830405915714774|0.4932160001493899|0.3484799407048219|0.15830405914578816
0.3482404985964612|0.493518|0.15824150140353876|0.4935180000009603|0.34824049859560463|0.15824150140343513
0.3482404985963749|0.493518|0.15824150140362503|0.4935179999804364|0.3482404986141927|0.15824150140537085
0.3482404985961148|0.493518|0.15824150140388527|0.49351800015138747|0.3482404984563828|0.15824150139222976
0.34800205575850496|0.493819|0.15817894424149503|0.4938189999924545|0.3480020557676057|0.15817894423993983
0.34800205575525056|0.493819|0.15817894424474943|0.4938189999970705|0.3480020557579084|0.15817894424502105
0.34800205575523135|0.493819|0.15817894424476864|0.49381900000078427|0.3480020557545008|0.1581789442447149
0.348002055755209|0.493819|0.15817894424479095|0.4938190000155743|0.348002055740786|0.15817894424363965
0.3451120676751591|0.497488|0.1573999323248409|0.49748799998779275|0.3451120676863917|0.1573999323258155
0.34511206767476743|0.497488|0.15739993232523258|0.49748799999895393|0.3451120676757465|0.15739993232529964
0.34511206767475794|0.497488|0.15739993232524213|0.4974880000011245|0.34511206767372943|0.1573999323251461
0.34511206767475283|0.497488|0.15739993232524724|0.4974880000002592|0.34511206767451413|0.1573999323252266
0.34511206767473757|0.497488|0.15739993232526245|0.49748799999403964|0.34511206768016567|0.15739993232579474
0.34511206767472086|0.497488|0.1573999323252792|0.49748800000077303|0.34511206767398855|0.15739993232523836
0.3451120676745903|0.497488|0.15739993232540977|0.49748800002143473|0.34511206765471986|0.15739993232384536
0.3450728930386608|0.497538|0.15738910696133918|0.49753800000636705|0.3450728930328182|0.15738910696081476
0.3450728930386536|0.497538|0.1573891069613464|0.4975379999999557|0.3450728930386935|0.1573891069613509
0.34507289303864735|0.497538|0.15738910696135272|0.4975380000011184|0.34507289303762884|0.1573891069612527
0.3450728930385996|0.497538|0.15738910696140046|0.49753800000006276|0.3450728930385304|0.15738910696140684
0.3450728930383433|0.497538|0.1573891069616567|0.49753800002698867|0.3450728930131482|0.15738910695986313
0.3449154674663548|0.497739|0.1573455325336452|0.4977389999817963|0.34491546748290525|0.15734553253529848
0.3449154674662927|0.497739|0.15734553253370737|0.49773899998094795|0.3449154674840229|0.15734553253502914
0.3449154674661551|0.497739|0.15734553253384492|0.4977390000003897|0.3449154674658047|0.15734553253380568
0.34491546746613194|0.497739|0.15734553253386813|0.4977390000009451|0.34491546746527346|0.15734553253378136
0.3449154674661164|0.497739|0.15734553253388367|0.4977390000023387|0.3449154674639509|0.15734553253371036
0.3449154669646728|0.497739|0.15734553303532722|0.4977390060099487|0.3449154611395773|0.15734553285047403
0.3448371799582424|0.497839|0.15732382004175766|0.4978390000771851|0.34483717988758367|0.15732382003523127
0.3448371799578747|0.497839|0.15732382004212536|0.4978389999882403|0.3448371799689997|0.15732382004275997
0.34483717995753493|0.497839|0.1573238200424651|0.4978390000040733|0.34483717995379004|0.15732382004213663
0.34483717995748564|0.497839|0.15732382004251438|0.49783900001100745|0.34483717994744906|0.1573238200415435
0.34483717995738694|0.497839|0.15732382004261308|0.4978389999802646|0.34483717997517016|0.15732382004456524
0.3448371799401123|0.497839|0.1573238200598877|0.4978389999262591|0.34483717999503727|0.1573238200787036
0.3447581322715008|0.49794|0.15730186772849925|0.4979400000167894|0.34475813225607627|0.15730186772713434
0.34475813227144675|0.49794|0.1573018677285532|0.49793999999792893|0.3447581322733314|0.15730186772873966
0.34475813227142693|0.49794|0.15730186772857307|0.49794000000015537|0.3447581322712844|0.15730186772856025
0.3447581322714178|0.49794|0.15730186772858218|0.4979400000035678|0.34475813226813623|0.1573018677282959
0.3447581322712365|0.49794|0.15730186772876348|0.49793999999988325|0.34475813227129554|0.1573018677288212
0.3415529428497836|0.50206|0.1563870571502164|0.5020600000622142|0.3415529427930955|0.1563870571446903
0.34155294284914706|0.50206|0.156387057150853|0.5020600000000084|0.34155294284913956|0.15638705715085205
0.34155294284913035|0.50206|0.15638705715086965|0.5020600000008308|0.3415529428483635|0.15638705715080564
0.34155294284911647|0.50206|0.15638705715088363|0.5020600000005265|0.3415529428486056|0.15638705715086787
0.3415529428488351|0.50206|0.15638705715116497|0.5020599999662514|0.3415529428794372|0.1563870571543114
0.34147484015183704|0.502161|0.156364159848163|0.5021609999996247|0.3414748401547199|0.15636415984565538
0.34147484013463475|0.502161|0.15636415986536523|0.5021609999996409|0.34147484013497165|0.15636415986538743
0.34147484013462137|0.502161|0.15636415986537866|0.5021609999999894|0.3414748401346318|0.15636415986537877
0.34147484013459506|0.502161|0.15636415986540497|0.5021609999996812|0.34147484013487706|0.15636415986544172
0.3414748401345466|0.502161|0.15636415986545338|0.502161000004656|0.34147484013019425|0.15636415986514973
0.34147484013436|0.502161|0.15636415986564|0.50216099996976|0.3414748401617915|0.15636415986844843
0.3414748401343263|0.502161|0.15636415986567376|0.5021610000505754|0.34147484008851886|0.15636415986090574
0.34139753280186097|0.502261|0.15634146719813902|0.5022610003290506|0.34139753250341853|0.15634146716753083
0.34139753279626467|0.502261|0.15634146720373543|0.5022609999987635|0.34139753279738544|0.15634146720385106
0.3413975327962517|0.502261|0.1563414672037483|0.5022610000001724|0.34139753279609036|0.15634146720373726
0.34139753279619856|0.502261|0.1563414672038015|0.5022610000007999|0.3413975327954265|0.15634146720377362
0.3413975327961948|0.502261|0.15634146720380526|0.5022610000044546|0.34139753279203644|0.15634146720350894
0.3413975326890857|0.502261|0.15634146731091436|0.5022609977494762|0.34139753469575435|0.15634146755476946
0.34124221147720646|0.502462|0.15629578852279358|0.502462000269537|0.3412422112344724|0.15629578849599057
0.3412422114770022|0.502462|0.15629578852299786|0.5024620000463726|0.3412422114345287|0.15629578851909864
0.34124221147684286|0.502462|0.15629578852315718|0.5024619999999049|0.3412422114769297|0.1562957885231654
0.3412422114768096|0.502462|0.15629578852319037|0.5024620000122191|0.3412422114656704|0.1562957885221105
0.34124221147667155|0.502462|0.15629578852332848|0.5024620000112227|0.34124221146618516|0.15629578852259218
0.3412422114766532|0.502462|0.1562957885233469|0.5024619999762363|0.3412422114982175|0.1562957885255462
0.34120358810643947|0.502512|0.15628441189356057|0.5025120002596654|0.34120358787246474|0.1562844118678699
0.3412035881062185|0.502512|0.1562844118937815|0.5025119999999613|0.3412035881062544|0.15628441189378428
0.34120358810621804|0.502512|0.15628441189378195|0.5025120000000897|0.3412035881061346|0.15628441189377573
0.3412035881062168|0.502512|0.15628441189378328|0.5025120000003946|0.34120358810585305|0.1562844118937523
0.3412035877673918|0.502512|0.15628441223260825|0.5025120024244781|0.34120358550500673|0.15628441207051513
0.3383843017625924|0.506181|0.15543469823740763|0.5061809999915233|0.3383843017702863|0.1554346982381904
0.33838430176256995|0.506181|0.15543469823743006|0.506180999994261|0.33838430176798073|0.15543469823775824
0.338384301762426|0.506181|0.15543469823757405|0.5061810000002094|0.3383843017622428|0.1554346982375478
0.3383843017624102|0.506181|0.15543469823758982|0.5061809999999539|0.33838430176245105|0.15543469823759504
0.33838430176164025|0.506181|0.15543469823835976|0.5061810000758991|0.33838430169091177|0.15543469823318917
0.33815430872378505|0.506482|0.15536369127621497|0.5064820000028271|0.338154308721299|0.15536369127587396
0.33815430872356383|0.506482|0.15536369127643612|0.5064820000039709|0.33815430871989755|0.15536369127613153
0.33815430872332086|0.506482|0.15536369127667915|0.5064819999608579|0.33815430875816754|0.1553636912809746
0.338154308722365|0.506482|0.15536369127763494|0.5064819994277209|0.33815430924968615|0.15536369132259298
0.33815430869990043|0.506482|0.15536369130009964|0.5064820002403939|0.33815430845526523|0.15536369130434086
0.33792374821415694|0.506784|0.15529225178584305|0.5067839994022608|0.3379237487568919|0.15529225184084727
0.3379237481974226|0.506784|0.15529225180257733|0.5067840000000411|0.33792374819738624|0.15529225180257267
0.3379237481974104|0.506784|0.15529225180258954|0.506784000002341|0.3379237481952504|0.15529225180240858
0.33792374819709114|0.506784|0.15529225180290884|0.5067839999446478|0.33792374824791677|0.1552922518074354
0.33792374819631893|0.506784|0.15529225180368111|0.5067840000334076|0.337923748165406|0.1552922518011864
0.33792374818056947|0.506784|0.15529225181943052|0.5067839992229608|0.3379237488787974|0.1552922518982418
0.3374639788239694|0.507387|0.15514902117603058|0.507387000007072|0.3374639788232169|0.15514902116971108
0.33746397881917195|0.507387|0.15514902118082796|0.5073869994785686|0.337463979302216|0.15514902121921542
0.33746397881754797|0.507387|0.155149021182452|0.5073869999989228|0.3374639788185447|0.15514902118253254
0.3374639788175118|0.507387|0.1551490211824882|0.5073870000003361|0.3374639788171767|0.1551490211824872
0.33746397881729284|0.507387|0.15514902118270713|0.507387000024159|0.33746397879512674|0.15514902118071422
0.33746397881693824|0.507387|0.15514902118306173|0.5073870000164358|0.3374639788011518|0.15514902118241242
0.337350491451251|0.507536|0.15511350854874895|0.5075359988698201|0.3373504924813859|0.15511350864879397
0.33735049144580415|0.507536|0.15511350855419592|0.5075359991762258|0.33735049225071007|0.1551135085730641
0.3373504914104514|0.507536|0.15511350858954853|0.5075359992721635|0.3373504920905347|0.15511350863730178
0.3373504914015491|0.507536|0.15511350859845097|0.50753600000627|0.33735049139569284|0.1551135085980372
0.3373504913888187|0.507536|0.15511350861118134|0.5075359997985309|0.3373504915647283|0.15511350863674078
0.3352523765844275|0.510302|0.15444562341557244|0.510301999938252|0.3352523766405637|0.15444562342118434
0.33525237658427576|0.510302|0.1544456234157242|0.5103019999961437|0.335252376587811|0.15444562341604534
0.3352523765841085|0.510302|0.15444562341589152|0.5103019999903042|0.3352523765929865|0.15444562341670925
0.33525237658409013|0.510302|0.15444562341590984|0.5103019999957844|0.3352523765879627|0.1544456234162529
0.3352523765840618|0.510302|0.15444562341593815|0.5103019999663181|0.33525237661517104|0.15444562341851087
0.3352523765787996|0.510302|0.15444562342120038|0.5103020000165511|0.3352523765581267|0.1544456234253222
0.33487334037038|0.510804|0.15432265962961988|0.5108039995705458|0.3348733407917073|0.15432265963774694
0.3348733403461294|0.510804|0.1543226596538705|0.5108039999346148|0.33487334040541894|0.15432265965996628
0.3348733403451544|0.510804|0.15432265965484548|0.5108039999976802|0.33487334034727156|0.1543226596550482
0.33487334034513794|0.510804|0.15432265965486203|0.5108039999977089|0.33487334034722627|0.15432265965506486
0.3348733403447541|0.510804|0.15432265965524583|0.5108040000051751|0.3348733403395662|0.1543226596552587
0.33449408548176424|0.511307|0.15419891451823586|0.5113069998657667|0.33449408560363825|0.1541989145305951
0.33449408547924875|0.511307|0.1541989145207513|0.5113069999802466|0.3344940854982321|0.15419891452152124
0.33449408547907106|0.511307|0.15419891452092904|0.5113069999602873|0.33449408551668564|0.1541989145230271
0.3344940854783455|0.511307|0.15419891452165446|0.5113070000002624|0.3344940854781039|0.1541989145216337
0.3344940854779008|0.511307|0.15419891452209922|0.5113070000311984|0.3344940854486146|0.15419891452018697
0.33373793365498966|0.512312|0.1539500663450103|0.5123119999942229|0.3337379336601625|0.15395006634561453
0.3337379336545719|0.512312|0.15395006634542818|0.5123120000011172|0.3337379336535176|0.15395006634536518
0.333737933653403|0.512312|0.15395006634659703|0.5123120000492266|0.33373793360641657|0.15395006634435682
0.33373793365238597|0.512312|0.153950066347614|0.5123120000844916|0.3337379335720281|0.1539500663434803
0.3337379336514222|0.512312|0.15395006634857789|0.5123120000250209|0.3337379336246901|0.15395006635028902
0.3335516690834821|0.51256|0.15388833091651788|0.5125599995619529|0.33355166950760734|0.1538883309304398
0.33355166906852646|0.51256|0.15388833093147347|0.5125600000080089|0.33355166906170797|0.1538883309302831
0.3335516690672175|0.51256|0.15388833093278242|0.5125600000002681|0.3335516690669772|0.15388833093275467
0.3335516690671705|0.51256|0.1538883309328295|0.5125600000291354|0.33355166904040895|0.15388833093045567
0.33355166906705563|0.51256|0.1538883309329443|0.5125600000293928|0.3335516690398366|0.1538883309307706
0.3335516690630081|0.51256|0.15388833093699195|0.5125600000993292|0.33355166896693617|0.1538883309337346
0.33355166906266104|0.51256|0.153888330937339|0.5125600000260246|0.333551669033487|0.15388833094048837
0.3321573137417022|0.514422|0.15342068625829774|0.5144219999963059|0.3321573137453267|0.1534206862583674
0.33215731374153795|0.514422|0.15342068625846206|0.5144219999995248|0.33215731374196883|0.1534206862585064
0.332157313741536|0.514422|0.15342068625846395|0.5144219999997548|0.3321573137417653|0.15342068625847988
0.33215731374151775|0.514422|0.15342068625848226|0.5144220000001268|0.3321573137413882|0.15342068625848498
0.33215731374149204|0.514422|0.1534206862585079|0.5144220000005251|0.3321573137409949|0.15342068625848004
0.3321573137405159|0.514422|0.15342068625948413|0.5144219999858478|0.3321573137528344|0.15342068626131777
0.3321573137384717|0.514422|0.15342068626152827|0.5144220000693543|0.33215731367106693|0.15342068625957872
0.33215731373169255|0.514422|0.1534206862683074|0.5144220000566258|0.3321573136693226|0.15342068627405164
0.33163201710151363|0.515126|0.15324198289848634|0.5151260000079664|0.33163201710332135|0.15324198288871227
0.3316320170932782|0.515126|0.15324198290672175|0.5151259999947297|0.3316320170981146|0.15324198290715568
0.331632017093158|0.515126|0.1532419829068421|0.515125999996514|0.3316320170964384|0.1532419829070476
0.331632017092767|0.515126|0.153241982907233|0.5151259999868585|0.33163201710437396|0.15324198290876756
0.331632017092413|0.515126|0.15324198290758706|0.5151260000299134|0.3316320170641257|0.15324198290596092
0.3316320170924052|0.515126|0.15324198290759483|0.5151260000478917|0.33163201704708417|0.15324198290502417
0.33163201709027734|0.515126|0.15324198290972268|0.5151259999645156|0.3316320171212661|0.1532419829142183
0.3316320170844241|0.515126|0.153241982915576|0.5151260001342965|0.3316320169559369|0.15324198290976654
0.33110849838535966|0.515829|0.1530625016146404|0.5158289997439882|0.33110849863060193|0.15306250162540985
0.3311084983610696|0.515829|0.15306250163893043|0.5158289999953399|0.33110849836634215|0.15306250163831792
0.3311084983602522|0.515829|0.15306250163974788|0.5158289999994924|0.3311084983608036|0.15306250163970403
0.33110849836006934|0.515829|0.15306250163993063|0.5158290000324197|0.3311084983298746|0.15306250163770568
