E_list = [-1.6740000000000348e+00, -1.99, -1.0, -0.5]
E_list = [-1.6740000000000348e+00, 2.5, -1.0, -0.5]
c1 = 1
c2 = 1
Time required for computation is 196.71359276771545 seconds.
