E_list = [-1.6740000000000348e+00, -1.99, -0.5, -1.0]
E_list = [-1.6740000000000348e+00, 2.5, -0.5, -1.0]
c1 = 1
c2 = 1
Time required for computation is 200.72791647911072 seconds.
