E_list = [-1.6740000000000348e+00, -1.99, 0.0, -1.0]
E_list = [-1.6740000000000348e+00, 2.5, 0.0, -1.0]
c1 = 1
c2 = 1
Time required for computation is 264.82720947265625 seconds.
